%%MatrixMarket matrix coordinate real general
270 14 3378
1 1 0.708333
1 2 1
1 3 1
1 4 -0.320755
1 5 -0.105023
1 6 -1
1 7 1
1 8 -0.419847
1 9 -1
1 10 -0.225806
1 12 1
1 13 -1
2 1 0.583333
2 2 -1
2 3 0.333333
2 4 -0.603774
2 5 1
2 6 -1
2 7 1
2 8 0.358779
2 9 -1
2 10 -0.483871
2 12 -1
2 13 1
3 1 0.166667
3 2 1
3 3 -0.333333
3 4 -0.433962
3 5 -0.383562
3 6 -1
3 7 -1
3 8 0.0687023
3 9 -1
3 10 -0.903226
3 11 -1
3 12 -1
3 13 1
4 1 0.458333
4 2 1
4 3 1
4 4 -0.358491
4 5 -0.374429
4 6 -1
4 7 -1
4 8 -0.480916
4 9 1
4 10 -0.935484
4 12 -0.333333
4 13 1
5 1 0.875
5 2 -1
5 3 -0.333333
5 4 -0.509434
5 5 -0.347032
5 6 -1
5 7 1
5 8 -0.236641
5 9 1
5 10 -0.935484
5 11 -1
5 12 -0.333333
5 13 -1
6 1 0.5
6 2 1
6 3 1
6 4 -0.509434
6 5 -0.767123
6 6 -1
6 7 -1
6 8 0.0534351
6 9 -1
6 10 -0.870968
6 11 -1
6 12 -1
6 13 1
7 1 0.125
7 2 1
7 3 0.333333
7 4 -0.320755
7 5 -0.406393
7 6 1
7 7 1
7 8 0.0839695
7 9 1
7 10 -0.806452
7 12 -0.333333
7 13 0.5
8 1 0.25
8 2 1
8 3 1
8 4 -0.698113
8 5 -0.484018
8 6 -1
8 7 1
8 8 0.0839695
8 9 1
8 10 -0.612903
8 12 -0.333333
8 13 1
9 1 0.291667
9 2 1
9 3 1
9 4 -0.132075
9 5 -0.237443
9 6 -1
9 7 1
9 8 0.51145
9 9 -1
9 10 -0.612903
9 12 0.333333
9 13 1
10 1 0.416667
10 2 -1
10 3 1
10 4 0.0566038
10 5 0.283105
10 6 -1
10 7 1
10 8 0.267176
10 9 -1
10 10 0.290323
10 12 1
10 13 1
11 1 0.25
11 2 1
11 3 1
11 4 -0.226415
11 5 -0.506849
11 6 -1
11 7 -1
11 8 0.374046
11 9 -1
11 10 -0.83871
11 12 -1
11 13 1
12 2 1
12 3 1
12 4 -0.0943396
12 5 -0.543379
12 6 -1
12 7 1
12 8 -0.389313
12 9 1
12 10 -1
12 11 -1
12 12 -1
12 13 1
13 1 -0.375
13 2 1
13 3 0.333333
13 4 -0.132075
13 5 -0.502283
13 6 -1
13 7 1
13 8 0.664122
13 9 -1
13 10 -1
13 11 -1
13 12 -1
13 13 -1
14 1 0.333333
14 2 1
14 3 -1
14 4 -0.245283
14 5 -0.506849
14 6 -1
14 7 -1
14 8 0.129771
14 9 -1
14 10 -0.16129
14 12 0.333333
14 13 -1
15 1 0.166667
15 2 -1
15 3 1
15 4 -0.358491
15 5 -0.191781
15 6 -1
15 7 1
15 8 0.343511
15 9 -1
15 10 -1
15 11 -1
15 12 -0.333333
15 13 -1
16 1 0.75
16 2 -1
16 3 1
16 4 -0.660377
16 5 -0.894977
16 6 -1
16 7 -1
16 8 -0.175573
16 9 -1
16 10 -0.483871
16 12 -1
16 13 -1
17 1 -0.291667
17 2 1
17 3 1
17 4 -0.132075
17 5 -0.155251
17 6 -1
17 7 -1
17 8 -0.251908
17 9 1
17 10 -0.419355
17 12 0.333333
17 13 1
18 2 1
18 3 1
18 4 -0.132075
18 5 -0.648402
18 6 1
18 7 1
18 8 0.282443
18 9 1
18 11 1
18 12 -1
18 13 1
19 1 0.458333
19 2 1
19 3 -1
19 4 -0.698113
19 5 -0.611872
19 6 -1
19 7 1
19 8 0.114504
19 9 1
19 10 -0.419355
19 12 -1
19 13 -1
20 1 -0.541667
20 2 1
20 3 -1
20 4 -0.132075
20 5 -0.666667
20 6 -1
20 7 -1
20 8 0.633588
20 9 1
20 10 -0.548387
20 11 -1
20 12 -1
20 13 1
21 1 0.583333
21 2 1
21 3 1
21 4 -0.509434
21 5 -0.52968
21 6 -1
21 7 1
21 8 -0.114504
21 9 1
21 10 -0.16129
21 12 0.333333
21 13 1
22 1 -0.208333
22 2 1
22 3 -0.333333
22 4 -0.320755
22 5 -0.456621
22 6 -1
22 7 1
22 8 0.664122
22 9 -1
22 10 -0.935484
22 12 -1
22 13 -1
23 1 -0.416667
23 2 1
23 3 1
23 4 -0.603774
23 5 -0.191781
23 6 -1
23 7 -1
23 8 0.679389
23 9 -1
23 10 -0.612903
23 12 -1
23 13 -1
24 1 -0.25
24 2 1
24 3 1
24 4 -0.660377
24 5 -0.643836
24 6 -1
24 7 -1
24 8 0.0992366
24 9 -1
24 10 -0.967742
24 11 -1
24 12 -1
24 13 -1
25 1 0.0416667
25 2 -1
25 3 -0.333333
25 4 -0.283019
25 5 -0.260274
25 6 1
25 7 1
25 8 0.343511
25 9 1
25 10 -1
25 11 -1
25 12 -0.333333
25 13 -1
26 1 -0.208333
26 2 -1
26 3 0.333333
26 4 -0.320755
26 5 -0.319635
26 6 -1
26 7 -1
26 8 0.0381679
26 9 -1
26 10 -0.935484
26 11 -1
26 12 -1
26 13 -1
27 1 -0.291667
27 2 -1
27 3 1
27 4 -0.169811
27 5 -0.465753
27 6 -1
27 7 1
27 8 0.236641
27 9 1
27 10 -1
27 12 -1
27 13 -1
28 1 -0.0833333
28 2 -1
28 3 0.333333
28 4 -0.509434
28 5 -0.228311
28 6 -1
28 7 1
28 8 0.312977
28 9 -1
28 10 -0.806452
28 11 -1
28 12 -1
28 13 -1
29 1 0.208333
29 2 1
29 3 0.333333
29 4 -0.660377
29 5 -0.525114
29 6 -1
29 7 1
29 8 0.435115
29 9 -1
29 10 -0.193548
29 12 -0.333333
29 13 1
30 1 0.75
30 2 -1
30 3 0.333333
30 4 -0.698113
30 5 -0.365297
30 6 1
30 7 1
30 8 -0.0992366
30 9 -1
30 10 -1
30 11 -1
30 12 -0.333333
30 13 -1
31 1 0.166667
31 2 1
31 3 0.333333
31 4 -0.358491
31 5 -0.52968
31 6 -1
31 7 1
31 8 0.206107
31 9 -1
31 10 -0.870968
31 12 -0.333333
31 13 1
32 1 0.541667
32 2 1
32 3 1
32 4 0.245283
32 5 -0.534247
32 6 -1
32 7 1
32 8 0.0229008
32 9 -1
32 10 -0.258065
32 11 -1
32 12 -1
32 13 0.5
33 1 -0.666667
33 2 -1
33 3 0.333333
33 4 -0.509434
33 5 -0.593607
33 6 -1
33 7 -1
33 8 0.51145
33 9 -1
33 10 -1
33 11 -1
33 12 -1
33 13 -1
34 1 0.25
34 2 1
34 3 1
34 4 0.433962
34 5 -0.086758
34 6 -1
34 7 1
34 8 0.0534351
34 9 1
34 10 0.0967742
34 11 1
34 12 -1
34 13 1
35 1 -0.125
35 2 1
35 3 1
35 4 -0.0566038
35 5 -0.6621
35 6 -1
35 7 1
35 8 -0.160305
35 9 1
35 10 -0.709677
35 12 -1
35 13 1
36 1 -0.208333
36 2 1
36 3 1
36 4 -0.320755
36 5 -0.406393
36 6 1
36 7 1
36 8 0.206107
36 9 1
36 10 -1
36 11 -1
36 12 0.333333
36 13 1
37 1 0.333333
37 2 1
37 3 1
37 4 -0.132075
37 5 -0.630137
37 6 -1
37 7 1
37 8 0.0229008
37 9 1
37 10 -0.387097
37 11 -1
37 12 -0.333333
37 13 1
38 1 0.25
38 2 1
38 3 -1
38 4 0.245283
38 5 -0.328767
38 6 -1
38 7 1
38 8 -0.175573
38 9 -1
38 10 -1
38 11 -1
38 12 -1
38 13 -1
39 1 -0.458333
39 2 1
39 3 0.333333
39 4 -0.320755
39 5 -0.753425
39 6 -1
39 7 -1
39 8 0.206107
39 9 -1
39 10 -1
39 11 -1
39 12 -1
39 13 -1
40 1 -0.208333
40 2 1
40 3 1
40 4 -0.471698
40 5 -0.561644
40 6 -1
40 7 1
40 8 0.755725
40 9 -1
40 10 -1
40 11 -1
40 12 -1
40 13 -1
41 1 -0.541667
41 2 1
41 3 1
41 4 0.0943396
41 5 -0.557078
41 6 -1
41 7 -1
41 8 0.679389
41 9 -1
41 10 -1
41 11 -1
41 12 -1
41 13 1
42 1 0.375
42 2 -1
42 3 1
42 4 -0.433962
42 5 -0.621005
42 6 -1
42 7 -1
42 8 0.40458
42 9 -1
42 10 -1
42 11 -1
42 12 -1
42 13 -1
43 1 -0.375
43 2 1
43 3 0.333333
43 4 -0.320755
43 5 -0.511416
43 6 -1
43 7 -1
43 8 0.648855
43 9 1
43 10 -0.870968
43 11 -1
43 12 -1
43 13 -1
44 1 -0.291667
44 2 1
44 3 -0.333333
44 4 -0.867925
44 5 -0.675799
44 6 1
44 7 -1
44 8 0.29771
44 9 -1
44 10 -1
44 11 -1
44 12 -1
44 13 1
45 1 0.25
45 2 1
45 3 0.333333
45 4 -0.396226
45 5 -0.579909
45 6 1
45 7 -1
45 8 -0.0381679
45 9 -1
45 10 -0.290323
45 12 -0.333333
45 13 0.5
46 1 0.208333
46 2 1
46 3 0.333333
46 4 -0.132075
46 5 -0.611872
46 6 1
46 7 1
46 8 0.435115
46 9 -1
46 10 -1
46 11 -1
46 12 -1
46 13 -1
47 1 -0.166667
47 2 1
47 3 0.333333
47 4 -0.54717
47 5 -0.894977
47 6 -1
47 7 1
47 8 -0.160305
47 9 -1
47 10 -0.741935
47 11 -1
47 12 1
47 13 -1
48 1 -0.375
48 2 1
48 3 1
48 4 -0.698113
48 5 -0.675799
48 6 -1
48 7 1
48 8 0.618321
48 9 -1
48 10 -1
48 11 -1
48 12 -0.333333
48 13 -1
49 1 0.541667
49 2 1
49 3 -0.333333
49 4 0.245283
49 5 -0.452055
49 6 -1
49 7 -1
49 8 -0.251908
49 9 1
49 10 -1
49 12 1
49 13 0.5
50 1 0.5
50 2 -1
50 3 1
50 4 0.0566038
50 5 -0.547945
50 6 -1
50 7 1
50 8 -0.343511
50 9 -1
50 10 -0.677419
50 12 1
50 13 1
51 1 -0.458333
51 2 1
51 3 1
51 4 -0.207547
51 5 -0.136986
51 6 -1
51 7 -1
51 8 -0.175573
51 9 1
51 10 -0.419355
51 12 -1
51 13 0.5
52 1 -0.0416667
52 2 1
52 3 -0.333333
52 4 -0.358491
52 5 -0.639269
52 6 1
52 7 -1
52 8 0.725191
52 9 -1
52 10 -1
52 11 -1
52 12 -1
52 13 -1
53 1 0.5
53 2 -1
53 3 0.333333
53 4 -0.132075
53 5 0.328767
53 6 1
53 7 1
53 8 0.312977
53 9 -1
53 10 -0.741935
53 11 -1
53 12 -0.333333
53 13 -1
54 1 0.416667
54 2 -1
54 3 -0.333333
54 4 -0.132075
54 5 -0.684932
54 6 -1
54 7 -1
54 8 0.648855
54 9 -1
54 10 -1
54 11 -1
54 12 0.333333
54 13 -1
55 1 -0.333333
55 2 -1
55 3 -0.333333
55 4 -0.320755
55 5 -0.506849
55 6 -1
55 7 1
55 8 0.587786
55 9 -1
55 10 -0.806452
55 12 -1
55 13 -1
56 1 -0.5
56 2 -1
56 3 -0.333333
56 4 -0.792453
56 5 -0.671233
56 6 -1
56 7 -1
56 8 0.480916
56 9 -1
56 10 -1
56 11 -1
56 12 -0.333333
56 13 -1
57 1 0.333333
57 2 1
57 3 1
57 4 -0.169811
57 5 -0.817352
57 6 -1
57 7 1
57 8 -0.175573
57 9 1
57 10 0.16129
57 12 -0.333333
57 13 -1
58 1 0.291667
58 2 -1
58 3 0.333333
58 4 -0.509434
58 5 -0.762557
58 6 1
58 7 -1
58 8 -0.618321
58 9 -1
58 10 -1
58 11 -1
58 12 -1
58 13 -1
59 1 0.25
59 2 -1
59 3 1
59 4 0.509434
59 5 -0.438356
59 6 -1
59 7 -1
59 8 0.0992366
59 9 1
59 10 -1
59 12 -1
59 13 -1
60 1 0.375
60 2 1
60 3 -0.333333
60 4 -0.509434
60 5 -0.292237
60 6 -1
60 7 1
60 8 -0.51145
60 9 -1
60 10 -0.548387
60 12 -0.333333
60 13 1
61 1 0.166667
61 2 1
61 3 0.333333
61 4 0.0566038
61 5 -1
61 6 1
61 7 -1
61 8 0.557252
61 9 -1
61 10 -0.935484
61 11 -1
61 12 -0.333333
61 13 1
62 1 -0.0833333
62 2 -1
62 3 1
62 4 -0.320755
62 5 -0.182648
62 6 -1
62 7 -1
62 8 0.0839695
62 9 1
62 10 -0.612903
62 12 -1
62 13 1
63 1 -0.375
63 2 1
63 3 0.333333
63 4 -0.509434
63 5 -0.543379
63 6 -1
63 7 -1
63 8 0.496183
63 9 -1
63 10 -1
63 11 -1
63 12 -1
63 13 -1
64 1 0.291667
64 2 -1
64 3 -1
64 4 0.0566038
64 5 -0.479452
64 6 -1
64 7 -1
64 8 0.526718
64 9 -1
64 10 -0.709677
64 11 -1
64 12 -1
64 13 -1
65 1 0.416667
65 2 1
65 3 -1
65 4 -0.0377358
65 5 -0.511416
65 6 1
65 7 1
65 8 0.206107
65 9 -1
65 10 -0.258065
65 11 1
65 12 -1
65 13 0.5
66 1 0.166667
66 2 1
66 3 1
66 4 0.0566038
66 5 -0.315068
66 6 -1
66 7 1
66 8 -0.374046
66 9 1
66 10 -0.806452
66 12 -0.333333
66 13 0.5
67 1 -0.0833333
67 2 1
67 3 1
67 4 -0.132075
67 5 -0.383562
67 6 -1
67 7 1
67 8 0.755725
67 9 1
67 10 -1
67 11 -1
67 12 -1
67 13 -1
68 1 0.208333
68 2 -1
68 3 -0.333333
68 4 -0.207547
68 5 -0.118721
68 6 1
68 7 1
68 8 0.236641
68 9 -1
68 10 -1
68 11 -1
68 12 0.333333
68 13 -1
69 1 -0.375
69 2 -1
69 3 0.333333
69 4 -0.54717
69 5 -0.47032
69 6 -1
69 7 -1
69 8 0.19084
69 9 -1
69 10 -0.903226
69 12 -0.333333
69 13 -1
70 1 -0.25
70 2 1
70 3 0.333333
70 4 -0.735849
70 5 -0.465753
70 6 -1
70 7 -1
70 8 0.236641
70 9 -1
70 10 -1
70 11 -1
70 12 -1
70 13 -1
71 1 0.333333
71 2 1
71 3 1
71 4 -0.509434
71 5 -0.388128
71 6 -1
71 7 -1
71 8 0.0534351
71 9 1
71 10 0.16129
71 12 -0.333333
71 13 1
72 1 0.166667
72 2 -1
72 3 1
72 4 -0.509434
72 5 0.0410959
72 6 -1
72 7 -1
72 8 0.40458
72 9 1
72 10 -0.806452
72 11 -1
72 12 -1
72 13 -1
73 1 0.708333
73 2 1
73 3 -0.333333
73 4 0.169811
73 5 -0.456621
73 6 -1
73 7 1
73 8 0.0992366
73 9 -1
73 10 -1
73 11 -1
73 12 -1
73 13 -1
74 1 0.958333
74 2 -1
74 3 0.333333
74 4 -0.132075
74 5 -0.675799
74 6 -1
74 8 -0.312977
74 9 -1
74 10 -0.645161
74 12 -1
74 13 -1
75 1 0.583333
75 2 -1
75 3 1
75 4 -0.773585
75 5 -0.557078
75 6 -1
75 7 -1
75 8 0.0839695
75 9 -1
75 10 -0.903226
75 11 -1
75 12 0.333333
75 13 -1
76 1 -0.333333
76 2 1
76 3 1
76 4 -0.0943396
76 5 -0.164384
76 6 -1
76 7 1
76 8 0.160305
76 9 1
76 10 -1
76 12 1
76 13 1
77 1 -0.333333
77 2 1
77 3 1
77 4 -0.811321
77 5 -0.625571
77 6 -1
77 7 1
77 8 0.175573
77 9 1
77 10 -0.0322581
77 12 -1
77 13 -1
78 1 -0.583333
78 2 -1
78 3 0.333333
78 4 -1
78 5 -0.666667
78 6 -1
78 7 -1
78 8 0.648855
78 9 -1
78 10 -1
78 11 -1
78 12 -1
78 13 -1
79 1 -0.458333
79 2 -1
79 3 0.333333
79 4 -0.509434
79 5 -0.621005
79 6 -1
79 7 -1
79 8 0.557252
79 9 -1
79 10 -1
79 12 -1
79 13 -1
80 1 0.125
80 2 1
80 3 -0.333333
80 4 -0.509434
80 5 -0.497717
80 6 -1
80 7 -1
80 8 0.633588
80 9 -1
80 10 -0.741935
80 11 -1
80 12 -1
80 13 -1
81 1 0.208333
81 2 1
81 3 1
81 4 -0.0188679
81 5 -0.579909
81 6 -1
81 7 -1
81 8 -0.480916
81 9 -1
81 10 -0.354839
81 12 -0.333333
81 13 1
82 1 -0.75
82 2 1
82 3 1
82 4 -0.509434
82 5 -0.671233
82 6 -1
82 7 -1
82 8 -0.0992366
82 9 1
82 10 -0.483871
82 12 -1
82 13 1
83 1 0.208333
83 2 1
83 3 1
83 4 0.0566038
83 5 -0.342466
83 6 -1
83 7 1
83 8 -0.389313
83 9 1
83 10 -0.741935
83 11 -1
83 12 -1
83 13 1
84 1 -0.5
84 2 1
84 3 0.333333
84 4 -0.320755
84 5 -0.598174
84 6 -1
84 7 1
84 8 0.480916
84 9 -1
84 10 -0.354839
84 12 -1
84 13 -1
85 1 0.166667
85 2 1
85 3 1
85 4 -0.698113
85 5 -0.657534
85 6 -1
85 7 -1
85 8 -0.160305
85 9 1
85 10 -0.516129
85 12 -1
85 13 0.5
86 1 -0.458333
86 2 1
86 3 -1
86 4 0.0188679
86 5 -0.461187
86 6 -1
86 7 1
86 8 0.633588
86 9 -1
86 10 -0.741935
86 11 -1
86 12 0.333333
86 13 -1
87 1 0.375
87 2 1
87 3 -0.333333
87 4 -0.358491
87 5 -0.625571
87 6 1
87 7 1
87 8 0.0534351
87 9 -1
87 10 -1
87 11 -1
87 12 -1
87 13 -1
88 1 0.25
88 2 1
88 3 -1
88 4 0.584906
88 5 -0.342466
88 6 -1
88 7 1
88 8 0.129771
88 9 -1
88 10 0.354839
88 11 1
88 12 -1
88 13 1
89 1 -0.5
89 2 -1
89 3 -0.333333
89 4 -0.396226
89 5 -0.178082
89 6 -1
89 7 -1
89 8 0.40458
89 9 -1
89 10 -1
89 11 -1
89 12 -1
89 13 -1
90 1 -0.125
90 2 1
90 3 1
90 4 0.0566038
90 5 -0.465753
90 6 -1
90 7 1
90 8 -0.129771
90 9 -1
90 10 -0.16129
90 12 -1
90 13 1
91 1 0.25
91 2 1
91 3 -0.333333
91 4 -0.132075
91 5 -0.56621
91 6 -1
91 7 -1
91 8 0.419847
91 9 1
91 10 -1
91 11 -1
91 12 -1
91 13 -1
92 1 0.333333
92 2 -1
92 3 1
92 4 -0.320755
92 5 -0.0684932
92 6 -1
92 7 1
92 8 0.496183
92 9 -1
92 10 -1
92 11 -1
92 12 -1
92 13 -1
93 1 0.0416667
93 2 1
93 3 1
93 4 -0.433962
93 5 -0.360731
93 6 -1
93 7 1
93 8 -0.419847
93 9 1
93 10 -0.290323
93 12 -0.333333
93 13 1
94 1 0.0416667
94 2 1
94 3 1
94 4 -0.698113
94 5 -0.634703
94 6 -1
94 7 1
94 8 -0.435115
94 9 1
94 10 -1
94 12 -0.333333
94 13 -1
95 1 -0.0416667
95 2 1
95 3 1
95 4 -0.415094
95 5 -0.607306
95 6 -1
95 7 -1
95 8 0.480916
95 9 -1
95 10 -0.677419
95 11 -1
95 12 0.333333
95 13 1
96 1 -0.25
96 2 1
96 3 1
96 4 -0.698113
96 5 -0.319635
96 6 -1
96 7 1
96 8 -0.282443
96 9 1
96 10 -0.677419
96 12 -0.333333
96 13 -1
97 1 0.541667
97 2 1
97 3 1
97 4 -0.509434
97 5 -0.196347
97 6 -1
97 7 1
97 8 0.221374
97 9 -1
97 10 -0.870968
97 12 -1
97 13 -1
98 1 0.208333
98 2 1
98 3 1
98 4 -0.886792
98 5 -0.506849
98 6 -1
98 7 -1
98 8 0.29771
98 9 -1
98 10 -0.967742
98 11 -1
98 12 -0.333333
98 13 1
99 1 0.458333
99 2 -1
99 3 0.333333
99 4 -0.132075
99 5 -0.146119
99 6 -1
99 7 -1
99 8 -0.0534351
99 9 -1
99 10 -0.935484
99 11 -1
99 12 -1
99 13 1
100 1 -0.125
100 2 -1
100 3 -0.333333
100 4 -0.509434
100 5 -0.461187
100 6 -1
100 7 -1
100 8 0.389313
100 9 -1
100 10 -0.645161
100 11 -1
100 12 -1
100 13 -1
101 1 -0.375
101 2 -1
101 3 0.333333
101 4 -0.735849
101 5 -0.931507
101 6 -1
101 7 -1
101 8 0.587786
101 9 -1
101 10 -0.806452
101 12 -1
101 13 -1
102 1 0.583333
102 2 1
102 3 1
102 4 -0.509434
102 5 -0.493151
102 6 -1
102 7 -1
102 8 -1
102 9 -1
102 10 -0.677419
102 12 -1
102 13 -1
103 1 -0.166667
103 2 -1
103 3 1
103 4 -0.320755
103 5 -0.347032
103 6 -1
103 7 -1
103 8 0.40458
103 9 -1
103 10 -1
103 11 -1
103 12 -1
103 13 -1
104 1 0.166667
104 2 1
104 3 1
104 4 0.339623
104 5 -0.255708
104 6 1
104 7 1
104 8 -0.19084
104 9 -1
104 10 -0.677419
104 12 1
104 13 1
105 1 0.416667
105 2 1
105 3 1
105 4 -0.320755
105 5 -0.415525
105 6 -1
105 7 1
105 8 0.160305
105 9 -1
105 10 -0.548387
105 12 -0.333333
105 13 1
106 1 -0.208333
106 2 1
106 3 1
106 4 -0.433962
106 5 -0.324201
106 6 -1
106 7 1
106 8 0.450382
106 9 -1
106 10 -0.83871
106 12 -1
106 13 1
107 1 -0.0833333
107 2 1
107 3 0.333333
107 4 -0.886792
107 5 -0.561644
107 6 -1
107 7 -1
107 8 0.0992366
107 9 1
107 10 -0.612903
107 12 -1
107 13 -1
108 1 0.291667
108 2 -1
108 3 1
108 4 0.0566038
108 5 -0.39726
108 6 -1
108 7 1
108 8 0.312977
108 9 -1
108 10 -0.16129
108 12 0.333333
108 13 1
109 1 0.25
109 2 1
109 3 1
109 4 -0.132075
109 5 -0.767123
109 6 -1
109 7 -1
109 8 0.389313
109 9 1
109 10 -1
109 11 -1
109 12 -0.333333
109 13 1
110 1 -0.333333
110 2 -1
110 3 -0.333333
110 4 -0.660377
110 5 -0.844749
110 6 -1
110 7 -1
110 8 0.0229008
110 9 -1
110 10 -1
110 12 -1
110 13 -1
111 1 0.0833333
111 2 -1
111 3 1
111 4 0.622642
111 5 -0.0821918
111 6 -1
111 8 -0.29771
111 9 1
111 10 0.0967742
111 12 -1
111 13 -1
112 1 -0.5
112 2 1
112 3 -0.333333
112 4 -0.698113
112 5 -0.502283
112 6 -1
112 7 -1
112 8 0.251908
112 9 -1
112 10 -1
112 11 -1
112 12 -1
112 13 -1
113 1 0.291667
113 2 -1
113 3 1
113 4 0.207547
113 5 -0.182648
113 6 -1
113 7 1
113 8 0.374046
113 9 -1
113 10 -1
113 11 -1
113 12 -1
113 13 -1
114 1 0.0416667
114 2 -1
114 3 0.333333
114 4 -0.226415
114 5 -0.187215
114 6 1
114 7 -1
114 8 0.51145
114 9 -1
114 10 -1
114 11 -1
114 12 -1
114 13 -1
115 1 -0.458333
115 2 1
115 3 -0.333333
115 4 -0.509434
115 5 -0.228311
115 6 -1
115 7 -1
115 8 0.389313
115 9 -1
115 10 -1
115 11 -1
115 12 -1
115 13 -1
116 1 -0.166667
116 2 -1
116 3 -0.333333
116 4 -0.245283
116 5 -0.3379
116 6 -1
116 7 -1
116 8 0.389313
116 9 -1
116 10 -1
116 12 -1
116 13 -1
117 1 -0.291667
117 2 1
117 3 1
117 4 -0.509434
117 5 -0.438356
117 6 -1
117 7 1
117 8 0.114504
117 9 -1
117 10 -0.741935
117 11 -1
117 12 -1
117 13 1
118 1 0.125
118 2 -1
118 3 1
118 4 1
118 5 -0.260274
118 6 1
118 7 1
118 8 -0.0534351
118 9 1
118 10 0.290323
118 11 1
118 12 0.333333
118 13 1
119 1 0.541667
119 2 -1
119 3 -1
119 4 0.0566038
119 5 -0.543379
119 6 -1
119 7 -1
119 8 -0.343511
119 9 -1
119 10 -0.16129
119 11 1
119 12 -1
119 13 -1
120 1 0.125
120 2 1
120 3 1
120 4 -0.320755
120 5 -0.283105
120 6 1
120 7 1
120 8 -0.51145
120 9 1
120 10 -0.483871
120 11 1
120 12 -1
120 13 1
121 1 -0.166667
121 2 1
121 3 0.333333
121 4 -0.509434
121 5 -0.716895
121 6 -1
121 7 -1
121 8 0.0381679
121 9 -1
121 10 -0.354839
121 12 1
121 13 1
122 1 0.0416667
122 2 1
122 3 1
122 4 -0.471698
122 5 -0.269406
122 6 -1
122 7 1
122 8 -0.312977
122 9 1
122 10 0.0322581
122 12 0.333333
122 13 -1
123 1 0.166667
123 2 1
123 3 1
123 4 0.0943396
123 5 -0.324201
123 6 -1
123 7 -1
123 8 -0.740458
123 9 1
123 10 -0.612903
123 12 -0.333333
123 13 1
124 1 0.5
124 2 -1
124 3 0.333333
124 4 0.245283
124 5 0.0684932
124 6 -1
124 7 1
124 8 0.221374
124 9 -1
124 10 -0.741935
124 11 -1
124 12 -1
124 13 -1
125 1 0.0416667
125 2 1
125 3 0.333333
125 4 -0.415094
125 5 -0.328767
125 6 -1
125 7 1
125 8 0.236641
125 9 -1
125 10 -0.83871
125 11 1
125 12 -0.333333
125 13 -1
126 1 0.0416667
126 2 -1
126 3 0.333333
126 4 0.245283
126 5 -0.657534
126 6 -1
126 7 -1
126 8 0.40458
126 9 -1
126 10 -1
126 11 -1
126 12 -0.333333
126 13 -1
127 1 0.375
127 2 1
127 3 1
127 4 -0.509434
127 5 -0.356164
127 6 -1
127 7 -1
127 8 -0.572519
127 9 1
127 10 -0.419355
127 12 0.333333
127 13 1
128 1 -0.0416667
128 2 -1
128 3 0.333333
128 4 -0.207547
128 5 -0.680365
128 6 -1
128 7 1
128 8 0.496183
128 9 -1
128 10 -0.967742
128 12 -1
128 13 -1
129 1 -0.0416667
129 2 1
129 3 -0.333333
129 4 -0.245283
129 5 -0.657534
129 6 -1
129 7 -1
129 8 0.328244
129 9 -1
129 10 -0.741935
129 11 -1
129 12 -0.333333
129 13 -1
130 1 0.291667
130 2 1
130 3 1
130 4 -0.566038
130 5 -0.525114
130 6 1
130 7 -1
130 8 0.358779
130 9 1
130 10 -0.548387
130 11 -1
130 12 0.333333
130 13 1
131 1 0.416667
131 2 -1
131 3 1
131 4 -0.735849
131 5 -0.347032
131 6 -1
131 7 -1
131 8 0.496183
131 9 1
131 10 -0.419355
131 12 0.333333
131 13 -1
132 1 0.541667
132 2 1
132 3 1
132 4 -0.660377
132 5 -0.607306
132 6 -1
132 7 1
132 8 -0.0687023
132 9 1
132 10 -0.967742
132 11 -1
132 12 -0.333333
132 13 -1
133 1 -0.458333
133 2 1
133 3 1
133 4 -0.132075
133 5 -0.543379
133 6 -1
133 7 -1
133 8 0.633588
133 9 -1
133 10 -1
133 11 -1
133 12 -1
133 13 -1
134 1 0.458333
134 2 1
134 3 1
134 4 -0.509434
134 5 -0.452055
134 6 -1
134 7 1
134 8 -0.618321
134 9 1
134 10 -0.290323
134 11 1
134 12 -0.333333
134 13 -1
135 1 0.0416667
135 2 1
135 3 0.333333
135 4 0.0566038
135 5 -0.515982
135 6 -1
135 7 1
135 8 0.435115
135 9 -1
135 10 -0.483871
135 11 -1
135 12 -1
135 13 1
136 1 -0.291667
136 2 -1
136 3 0.333333
136 4 -0.0943396
136 5 -0.767123
136 6 -1
136 7 1
136 8 0.358779
136 9 1
136 10 -0.548387
136 11 1
136 12 -1
136 13 -1
137 1 0.583333
137 2 -1
137 3 0.333333
137 4 0.0943396
137 5 -0.310502
137 6 -1
137 7 -1
137 8 0.541985
137 9 -1
137 10 -1
137 11 -1
137 12 -0.333333
137 13 -1
138 1 0.125
138 2 1
138 3 1
138 4 -0.415094
138 5 -0.438356
138 6 1
138 7 1
138 8 0.114504
138 9 1
138 10 -0.612903
138 12 -0.333333
138 13 -1
139 1 -0.791667
139 2 -1
139 3 -0.333333
139 4 -0.54717
139 5 -0.616438
139 6 -1
139 7 -1
139 8 0.847328
139 9 -1
139 10 -0.774194
139 11 -1
139 12 -1
139 13 -1
140 1 0.166667
140 2 1
140 3 1
140 4 -0.283019
140 5 -0.630137
140 6 -1
140 7 -1
140 8 0.480916
140 9 1
140 10 -1
140 11 -1
140 12 -1
140 13 1
141 1 0.458333
141 2 1
141 3 1
141 4 -0.0377358
141 5 -0.607306
141 6 -1
141 7 1
141 8 -0.0687023
141 9 -1
141 10 -0.354839
141 12 0.333333
141 13 0.5
142 1 0.25
142 2 1
142 3 1
142 4 -0.169811
142 5 -0.3379
142 6 -1
142 7 1
142 8 0.694656
142 9 -1
142 10 -1
142 11 -1
142 12 -1
142 13 -1
143 1 -0.125
143 2 1
143 3 0.333333
143 4 -0.132075
143 5 -0.511416
143 6 -1
143 7 -1
143 8 0.40458
143 9 -1
143 10 -0.806452
143 12 -0.333333
143 13 1
144 1 -0.0833333
144 2 1
144 3 -1
144 4 -0.415094
144 5 -0.60274
144 6 -1
144 7 1
144 8 -0.175573
144 9 1
144 10 -0.548387
144 11 -1
144 12 -0.333333
144 13 -1
145 1 0.0416667
145 2 1
145 3 -0.333333
145 4 0.849057
145 5 -0.283105
145 6 -1
145 7 1
145 8 0.89313
145 9 -1
145 10 -1
145 11 -1
145 12 -0.333333
145 13 1
146 2 1
146 3 1
146 4 -0.45283
146 5 -0.287671
146 6 -1
146 7 -1
146 8 -0.633588
146 9 1
146 10 -0.354839
146 12 0.333333
146 13 1
147 1 -0.0416667
147 2 1
147 3 1
147 4 -0.660377
147 5 -0.525114
147 6 -1
147 7 -1
147 8 0.358779
147 9 -1
147 10 -1
147 11 -1
147 12 -0.333333
147 13 -1
148 1 -0.541667
148 2 1
148 3 1
148 4 -0.698113
148 5 -0.812785
148 6 -1
148 7 1
148 8 -0.343511
148 9 1
148 10 -0.354839
148 12 -1
148 13 1
149 1 0.208333
149 2 1
149 3 0.333333
149 4 -0.283019
149 5 -0.552511
149 6 -1
149 7 1
149 8 0.557252
149 9 -1
149 10 0.0322581
149 11 -1
149 12 0.333333
149 13 1
150 1 -0.5
150 2 -1
150 3 0.333333
150 4 -0.660377
150 5 -0.351598
150 6 -1
150 7 1
150 8 0.541985
150 9 1
150 10 -1
150 11 -1
150 12 -1
150 13 -1
151 1 -0.5
151 2 1
151 3 0.333333
151 4 -0.660377
151 5 -0.43379
151 6 -1
151 7 -1
151 8 0.648855
151 9 -1
151 10 -1
151 11 -1
151 12 -1
151 13 -1
152 1 -0.125
152 2 -1
152 3 0.333333
152 4 -0.509434
152 5 -0.575342
152 6 -1
152 7 -1
152 8 0.328244
152 9 -1
152 10 -0.483871
152 12 -1
152 13 -1
153 1 0.0416667
153 2 -1
153 3 0.333333
153 4 -0.735849
153 5 -0.356164
153 6 -1
153 7 1
153 8 0.465649
153 9 -1
153 10 -1
153 11 -1
153 12 -1
153 13 -1
154 1 0.458333
154 2 -1
154 3 1
154 4 -0.320755
154 5 -0.191781
154 6 -1
154 7 -1
154 8 -0.221374
154 9 -1
154 10 -0.354839
154 12 0.333333
154 13 -1
155 1 -0.0833333
155 2 -1
155 3 0.333333
155 4 -0.320755
155 5 -0.406393
155 6 -1
155 7 1
155 8 0.19084
155 9 -1
155 10 -0.83871
155 11 -1
155 12 -1
155 13 -1
156 1 -0.291667
156 2 -1
156 3 -0.333333
156 4 -0.792453
156 5 -0.643836
156 6 -1
156 7 -1
156 8 0.541985
156 9 -1
156 10 -1
156 11 -1
156 12 -1
156 13 -1
157 1 0.0833333
157 2 1
157 3 1
157 4 -0.132075
157 5 -0.584475
157 6 -1
157 7 -1
157 8 -0.389313
157 9 1
157 10 0.806452
157 11 1
157 12 -1
157 13 1
158 1 -0.333333
158 2 1
158 3 -0.333333
158 4 -0.358491
158 5 -0.16895
158 6 -1
158 7 1
158 8 0.51145
158 9 -1
158 10 -1
158 11 -1
158 12 -1
158 13 -1
159 1 0.125
159 2 1
159 3 -1
159 4 -0.509434
159 5 -0.694064
159 6 -1
159 7 1
159 8 0.389313
159 9 -1
159 10 -0.387097
159 12 -1
159 13 1
160 1 0.541667
160 2 -1
160 3 1
160 4 0.584906
160 5 -0.534247
160 6 1
160 7 -1
160 8 0.435115
160 9 1
160 10 -0.677419
160 12 0.333333
160 13 1
161 1 -0.625
161 2 1
161 3 -1
161 4 -0.509434
161 5 -0.520548
161 6 -1
161 7 -1
161 8 0.694656
161 9 1
161 10 0.225806
161 12 -1
161 13 1
162 1 0.375
162 2 -1
162 3 1
162 4 0.0566038
162 5 -0.461187
162 6 -1
162 7 -1
162 8 0.267176
162 9 1
162 10 -0.548387
162 12 -1
162 13 -1
163 1 0.0833333
163 2 1
163 3 -0.333333
163 4 -0.320755
163 5 -0.378995
163 6 -1
163 7 -1
163 8 0.282443
163 9 -1
163 10 -1
163 11 -1
163 12 -1
163 13 -1
164 1 0.208333
164 2 1
164 3 1
164 4 -0.358491
164 5 -0.392694
164 6 -1
164 7 1
164 8 -0.0992366
164 9 1
164 10 -0.0322581
164 12 0.333333
164 13 1
165 1 -0.416667
165 2 1
165 3 1
165 4 -0.698113
165 5 -0.611872
165 6 -1
165 7 -1
165 8 0.374046
165 9 -1
165 10 -1
165 11 -1
165 12 -1
165 13 1
166 1 0.458333
166 2 -1
166 3 1
166 4 0.622642
166 5 -0.0913242
166 6 -1
166 7 -1
166 8 0.267176
166 9 1
166 10 -1
166 11 -1
166 12 -1
166 13 -1
167 1 -0.125
167 2 -1
167 3 1
167 4 -0.698113
167 5 -0.415525
167 6 -1
167 7 1
167 8 0.343511
167 9 -1
167 10 -1
167 11 -1
167 12 -1
167 13 -1
168 2 1
168 3 0.333333
168 4 -0.320755
168 5 -0.675799
168 6 1
168 7 1
168 8 0.236641
168 9 -1
168 10 -0.612903
168 11 1
168 12 -1
168 13 -1
169 1 -0.333333
169 2 -1
169 3 1
169 4 -0.169811
169 5 -0.497717
169 6 -1
169 7 1
169 8 0.236641
169 9 1
169 10 -0.935484
169 12 -1
169 13 -1
170 1 0.5
170 2 1
170 3 -1
170 4 -0.169811
170 5 -0.287671
170 6 1
170 7 1
170 8 0.572519
170 9 -1
170 10 -0.548387
170 12 -0.333333
170 13 -1
171 1 0.666667
171 2 1
171 3 -1
171 4 0.245283
171 5 -0.506849
171 6 1
171 7 1
171 8 -0.0839695
171 9 -1
171 10 -0.967742
171 12 -0.333333
171 13 -1
172 1 0.666667
172 2 1
172 3 0.333333
172 4 -0.132075
172 5 -0.415525
172 6 -1
172 7 1
172 8 0.145038
172 9 -1
172 10 -0.354839
172 12 1
172 13 1
173 1 0.583333
173 2 1
173 3 1
173 4 -0.886792
173 5 -0.210046
173 6 -1
173 7 1
173 8 -0.175573
173 9 1
173 10 -0.709677
173 12 0.333333
173 13 -1
174 1 0.625
174 2 -1
174 3 0.333333
174 4 -0.509434
174 5 -0.611872
174 6 -1
174 7 1
174 8 -0.328244
174 9 -1
174 10 -0.516129
174 12 -1
174 13 -1
175 1 -0.791667
175 2 1
175 3 -1
175 4 -0.54717
175 5 -0.744292
175 6 -1
175 7 1
175 8 0.572519
175 9 -1
175 10 -1
175 11 -1
175 12 -1
175 13 -1
176 1 0.375
176 2 -1
176 3 1
176 4 -0.169811
176 5 -0.232877
176 6 1
176 7 -1
176 8 -0.465649
176 9 -1
176 10 -0.387097
176 12 1
176 13 -1
177 1 -0.0833333
177 2 1
177 3 1
177 4 -0.132075
177 5 -0.214612
177 6 -1
177 7 -1
177 8 -0.221374
177 9 1
177 10 0.354839
177 12 1
177 13 1
178 1 -0.291667
178 2 1
178 3 0.333333
178 4 0.0566038
178 5 -0.520548
178 6 -1
178 7 -1
178 8 0.160305
178 9 -1
178 10 0.16129
178 12 -1
178 13 -1
179 1 0.583333
179 2 1
179 3 1
179 4 -0.415094
179 5 -0.415525
179 6 1
179 7 -1
179 8 0.40458
179 9 -1
179 10 -0.935484
179 12 0.333333
179 13 1
180 1 -0.125
180 2 1
180 3 0.333333
180 4 -0.339623
180 5 -0.680365
180 6 -1
180 7 -1
180 8 0.40458
180 9 -1
180 10 -1
180 11 -1
180 12 -1
180 13 -1
181 1 -0.458333
181 2 1
181 3 0.333333
181 4 -0.509434
181 5 -0.479452
181 6 1
181 7 -1
181 8 0.877863
181 9 -1
181 10 -0.741935
181 11 1
181 12 -1
181 13 1
182 1 0.125
182 2 -1
182 3 1
182 4 -0.245283
182 5 0.292237
182 6 -1
182 7 1
182 8 0.206107
182 9 1
182 10 -0.387097
182 12 0.333333
182 13 1
183 1 -0.5
183 2 1
183 3 1
183 4 -0.698113
183 5 -0.789954
183 6 -1
183 7 1
183 8 0.328244
183 9 -1
183 10 -1
183 11 -1
183 12 -1
183 13 1
184 1 -0.458333
184 2 -1
184 3 1
184 4 -0.849057
184 5 -0.365297
184 6 -1
184 7 1
184 8 -0.221374
184 9 -1
184 10 -0.806452
184 12 -1
184 13 -1
185 2 1
185 3 0.333333
185 4 -0.320755
185 5 -0.452055
185 6 1
185 7 1
185 8 0.557252
185 9 -1
185 10 -1
185 11 -1
185 12 1
185 13 -1
186 1 -0.416667
186 2 1
186 3 0.333333
186 4 -0.320755
186 5 -0.136986
186 6 -1
186 7 -1
186 8 0.389313
186 9 -1
186 10 -0.387097
186 11 -1
186 12 -0.333333
186 13 -1
187 1 0.125
187 2 1
187 3 1
187 4 -0.283019
187 5 -0.73516
187 6 -1
187 7 1
187 8 -0.480916
187 9 1
187 10 -0.322581
187 12 -0.333333
187 13 0.5
188 1 -0.0416667
188 2 1
188 3 1
188 4 -0.735849
188 5 -0.511416
188 6 1
188 7 -1
188 8 0.160305
188 9 -1
188 10 -0.967742
188 11 -1
188 12 1
188 13 1
189 1 0.375
189 2 -1
189 3 1
189 4 -0.132075
189 5 0.223744
189 6 -1
189 7 1
189 8 0.312977
189 9 -1
189 10 -0.612903
189 12 -1
189 13 -1
190 1 0.708333
190 2 1
190 3 0.333333
190 4 0.245283
190 5 -0.347032
190 6 -1
190 7 -1
190 8 -0.374046
190 9 1
190 10 -0.0645161
190 12 -0.333333
190 13 1
191 1 0.0416667
191 2 1
191 3 1
191 4 -0.132075
191 5 -0.484018
191 6 -1
191 7 -1
191 8 0.358779
191 9 -1
191 10 -0.612903
191 11 -1
191 12 -1
191 13 -1
192 1 0.708333
192 2 1
192 3 1
192 4 -0.0377358
192 5 -0.780822
192 6 -1
192 7 -1
192 8 -0.175573
192 9 1
192 10 -0.16129
192 11 1
192 12 -1
192 13 1
193 1 0.0416667
193 2 1
193 3 -0.333333
193 4 -0.735849
193 5 -0.164384
193 6 -1
193 7 -1
193 8 0.29771
193 9 -1
193 10 -1
193 11 -1
193 12 -1
193 13 1
194 1 -0.75
194 2 1
194 3 1
194 4 -0.396226
194 5 -0.287671
194 6 -1
194 7 1
194 8 0.29771
194 9 1
194 10 -1
194 11 -1
194 12 -1
194 13 1
195 1 -0.208333
195 2 1
195 3 0.333333
195 4 -0.433962
195 5 -0.410959
195 6 1
195 7 -1
195 8 0.587786
195 9 -1
195 10 -1
195 11 -1
195 12 0.333333
195 13 -1
196 1 0.0833333
196 2 -1
196 3 -0.333333
196 4 -0.226415
196 5 -0.43379
196 6 -1
196 7 1
196 8 0.374046
196 9 -1
196 10 -0.548387
196 12 -1
196 13 -1
197 1 0.208333
197 2 -1
197 3 1
197 4 -0.886792
197 5 -0.442922
197 6 -1
197 7 1
197 8 -0.221374
197 9 -1
197 10 -0.677419
197 12 -1
197 13 -1
198 1 0.0416667
198 2 -1
198 3 0.333333
198 4 -0.698113
198 5 -0.598174
198 6 -1
198 7 -1
198 8 0.328244
198 9 -1
198 10 -0.483871
198 12 -1
198 13 -1
199 1 0.666667
199 2 -1
199 3 -1
199 4 -0.132075
199 5 -0.484018
199 6 -1
199 7 -1
199 8 0.221374
199 9 -1
199 10 -0.419355
199 11 -1
199 12 0.333333
199 13 -1
200 1 1
200 2 1
200 3 1
200 4 -0.415094
200 5 -0.187215
200 6 -1
200 7 1
200 8 0.389313
200 9 1
200 10 -1
200 11 -1
200 12 1
200 13 -1
201 1 0.625
201 2 1
201 3 0.333333
201 4 -0.54717
201 5 -0.310502
201 6 -1
201 7 -1
201 8 0.221374
201 9 -1
201 10 -0.677419
201 11 -1
201 12 -0.333333
201 13 1
202 1 0.208333
202 2 1
202 3 1
202 4 -0.415094
202 5 -0.205479
202 6 -1
202 7 1
202 8 0.526718
202 9 -1
202 10 -1
202 11 -1
202 12 0.333333
202 13 1
203 1 0.291667
203 2 1
203 3 1
203 4 -0.415094
203 5 -0.39726
203 6 -1
203 7 1
203 8 0.0687023
203 9 1
203 10 -0.0967742
203 12 -0.333333
203 13 1
204 1 -0.0833333
204 2 1
204 3 1
204 4 -0.132075
204 5 -0.210046
204 6 -1
204 7 -1
204 8 0.557252
204 9 1
204 10 -0.483871
204 11 -1
204 12 -1
204 13 1
205 1 0.0833333
205 2 1
205 3 1
205 4 0.245283
205 5 -0.255708
205 6 -1
205 7 1
205 8 0.129771
205 9 1
205 10 -0.741935
205 12 -0.333333
205 13 1
206 1 -0.0416667
206 2 1
206 3 -1
206 4 0.0943396
206 5 -0.214612
206 6 1
206 7 -1
206 8 0.633588
206 9 -1
206 10 -0.612903
206 12 -1
206 13 1
207 1 0.291667
207 2 -1
207 3 0.333333
207 4 -0.849057
207 5 -0.123288
207 6 -1
207 7 -1
207 8 0.358779
207 9 -1
207 10 -1
207 11 -1
207 12 -0.333333
207 13 -1
208 1 0.208333
208 2 1
208 3 0.333333
208 4 -0.792453
208 5 -0.479452
208 6 -1
208 7 1
208 8 0.267176
208 9 1
208 10 -0.806452
208 12 -1
208 13 1
209 1 0.458333
209 2 1
209 3 0.333333
209 4 -0.415094
209 5 -0.164384
209 6 -1
209 7 -1
209 8 -0.0839695
209 9 1
209 10 -0.419355
209 12 -1
209 13 1
210 1 -0.666667
210 2 1
210 3 0.333333
210 4 -0.320755
210 5 -0.43379
210 6 -1
210 7 -1
210 8 0.770992
210 9 -1
210 10 0.129032
210 11 1
210 12 -1
210 13 -1
211 1 0.25
211 2 1
211 3 -1
211 4 0.433962
211 5 -0.260274
211 6 -1
211 7 1
211 8 0.343511
211 9 -1
211 10 -0.935484
211 12 -1
211 13 1
212 1 -0.0833333
212 2 1
212 3 0.333333
212 4 -0.415094
212 5 -0.456621
212 6 1
212 7 1
212 8 0.450382
212 9 -1
212 10 -0.225806
212 12 -1
212 13 -1
213 1 -0.416667
213 2 -1
213 3 0.333333
213 4 -0.471698
213 5 -0.60274
213 6 -1
213 7 -1
213 8 0.435115
213 9 -1
213 10 -0.935484
213 12 -1
213 13 -1
214 1 0.208333
214 2 1
214 3 1
214 4 -0.358491
214 5 -0.589041
214 6 -1
214 7 1
214 8 -0.0839695
214 9 1
214 10 -0.290323
214 12 1
214 13 1
215 1 -1
215 2 1
215 3 -0.333333
215 4 -0.320755
215 5 -0.643836
215 6 -1
215 7 1
215 8 1
215 9 -1
215 10 -1
215 11 -1
215 12 -1
215 13 -1
216 1 -0.5
216 2 -1
216 3 -0.333333
216 4 -0.320755
216 5 -0.643836
216 6 -1
216 7 1
216 8 0.541985
216 9 -1
216 10 -0.548387
216 11 -1
216 12 -1
216 13 -1
217 1 0.416667
217 2 -1
217 3 0.333333
217 4 -0.226415
217 5 -0.424658
217 6 -1
217 7 1
217 8 0.541985
217 9 -1
217 10 -1
217 11 -1
217 12 -1
217 13 -1
218 1 -0.0833333
218 2 1
218 3 0.333333
218 4 -1
218 5 -0.538813
218 6 -1
218 7 -1
218 8 0.267176
218 9 1
218 10 -1
218 11 -1
218 12 -0.333333
218 13 1
219 1 0.0416667
219 2 1
219 3 0.333333
219 4 -0.509434
219 5 -0.39726
219 6 -1
219 7 1
219 8 0.160305
219 9 -1
219 10 -0.870968
219 12 -1
219 13 1
220 1 -0.375
220 2 1
220 3 -0.333333
220 4 -0.509434
220 5 -0.570776
220 6 -1
220 7 -1
220 8 0.51145
220 9 -1
220 10 -1
220 11 -1
220 12 -1
220 13 -1
221 1 0.0416667
221 2 1
221 3 1
221 4 -0.698113
221 5 -0.484018
221 6 -1
221 7 -1
221 8 -0.160305
221 9 1
221 10 -0.0967742
221 12 -0.333333
221 13 1
222 1 0.5
222 2 1
222 3 1
222 4 -0.226415
222 5 -0.415525
222 6 -1
222 7 1
222 8 -0.145038
222 9 -1
222 10 -0.0967742
222 12 -0.333333
222 13 1
223 1 0.166667
223 2 1
223 3 0.333333
223 4 0.0566038
223 5 -0.808219
223 6 -1
223 7 -1
223 8 0.572519
223 9 -1
223 10 -0.483871
223 11 -1
223 12 -1
223 13 -1
224 1 0.416667
224 2 1
224 3 1
224 4 -0.320755
224 5 -0.0684932
224 6 1
224 7 1
224 8 -0.0687023
224 9 1
224 10 -0.419355
224 11 -1
224 12 1
224 13 1
225 1 -0.75
225 2 -1
225 3 1
225 4 -0.169811
225 5 -0.739726
225 6 -1
225 7 -1
225 8 0.694656
225 9 -1
225 10 -0.548387
225 11 -1
225 12 -1
225 13 -1
226 1 -0.5
226 2 1
226 3 -0.333333
226 4 -0.226415
226 5 -0.648402
226 6 -1
226 7 -1
226 8 -0.0687023
226 9 -1
226 10 -1
226 12 -1
226 13 0.5
227 1 0.375
227 2 -1
227 3 0.333333
227 4 -0.320755
227 5 -0.374429
227 6 -1
227 7 -1
227 8 -0.603053
227 9 -1
227 10 -0.612903
227 12 -0.333333
227 13 1
228 1 -0.416667
228 2 -1
228 3 1
228 4 -0.283019
228 5 -0.0182648
228 6 1
228 7 1
228 8 -0.00763359
228 9 1
228 10 -0.0322581
228 12 -1
228 13 1
229 1 0.208333
229 2 -1
229 3 -1
229 4 0.0566038
229 5 -0.283105
229 6 1
229 7 1
229 8 0.389313
229 9 -1
229 10 -0.677419
229 11 -1
229 12 -1
229 13 -1
230 1 -0.0416667
230 2 1
230 3 -1
230 4 -0.54717
230 5 -0.726027
230 6 -1
230 7 1
230 8 0.816794
230 9 -1
230 10 -1
230 12 -1
230 13 0.5
231 1 0.333333
231 2 -1
231 3 1
231 4 -0.0377358
231 5 -0.173516
231 6 -1
231 7 1
231 8 0.145038
231 9 1
231 10 -0.677419
231 12 -1
231 13 1
232 1 -0.583333
232 2 1
232 3 1
232 4 -0.54717
232 5 -0.575342
232 6 -1
232 7 -1
232 8 0.0534351
232 9 -1
232 10 -0.612903
232 12 -1
232 13 1
233 1 -0.333333
233 2 1
233 3 1
233 4 -0.603774
233 5 -0.388128
233 6 -1
233 7 1
233 8 0.740458
233 9 -1
233 10 -1
233 11 -1
233 12 -1
233 13 -1
234 1 -0.0416667
234 2 1
234 3 1
234 4 -0.358491
234 5 -0.410959
234 6 -1
234 7 -1
234 8 0.374046
234 9 1
234 10 -1
234 11 -1
234 12 -0.333333
234 13 1
235 1 0.375
235 2 1
235 3 0.333333
235 4 -0.320755
235 5 -0.520548
235 6 -1
235 7 -1
235 8 0.145038
235 9 -1
235 10 -0.419355
235 12 1
235 13 1
236 1 0.375
236 2 -1
236 3 1
236 4 0.245283
236 5 -0.826484
236 6 -1
236 7 1
236 8 0.129771
236 9 -1
236 10 1
236 11 1
236 12 1
236 13 1
237 2 -1
237 3 1
237 4 -0.169811
237 5 -0.506849
237 6 -1
237 7 1
237 8 0.358779
237 9 -1
237 10 -1
237 11 -1
237 12 -1
237 13 -1
238 1 -0.416667
238 2 1
238 3 1
238 4 -0.509434
238 5 -0.767123
238 6 -1
238 7 1
238 8 -0.251908
238 9 1
238 10 -0.193548
238 12 -1
238 13 1
239 1 -0.25
239 2 1
239 3 0.333333
239 4 -0.169811
239 5 -0.401826
239 6 -1
239 7 1
239 8 0.29771
239 9 -1
239 10 -1
239 11 -1
239 12 -1
239 13 -1
240 1 -0.0416667
240 2 1
240 3 -0.333333
240 4 -0.509434
240 5 -0.0913242
240 6 -1
240 7 -1
240 8 0.541985
240 9 -1
240 10 -0.935484
240 11 -1
240 12 -1
240 13 -1
241 1 0.625
241 2 1
241 3 0.333333
241 4 0.622642
241 5 -0.324201
241 6 1
241 7 1
241 8 0.206107
241 9 1
241 10 -0.483871
241 12 -1
241 13 1
242 1 -0.583333
242 2 1
242 3 0.333333
242 4 -0.132075
242 5 -0.109589
242 6 -1
242 7 1
242 8 0.694656
242 9 -1
242 10 -1
242 11 -1
242 12 -1
242 13 -1
243 2 -1
243 3 1
243 4 -0.320755
243 5 -0.369863
243 6 -1
243 7 1
243 8 0.0992366
243 9 -1
243 10 -0.870968
243 12 -1
243 13 -1
244 1 0.375
244 2 -1
244 3 1
244 4 -0.132075
244 5 -0.351598
244 6 -1
244 7 1
244 8 0.358779
244 9 -1
244 10 0.16129
244 11 1
244 12 0.333333
244 13 -1
245 1 -0.0833333
245 2 -1
245 3 0.333333
245 4 -0.132075
245 5 -0.16895
245 6 -1
245 7 1
245 8 0.0839695
245 9 -1
245 10 -0.516129
245 11 -1
245 12 -0.333333
245 13 -1
246 1 0.291667
246 2 1
246 3 1
246 4 -0.320755
246 5 -0.420091
246 6 -1
246 7 -1
246 8 0.114504
246 9 1
246 10 -0.548387
246 11 -1
246 12 -0.333333
246 13 1
247 1 0.5
247 2 1
247 3 1
247 4 -0.698113
247 5 -0.442922
247 6 -1
247 7 1
247 8 0.328244
247 9 -1
247 10 -0.806452
247 11 -1
247 12 0.333333
247 13 0.5
248 1 0.5
248 2 -1
248 3 0.333333
248 4 0.150943
248 5 -0.347032
248 6 -1
248 7 -1
248 8 0.175573
248 9 -1
248 10 -0.741935
248 11 -1
248 12 -1
248 13 -1
249 1 0.291667
249 2 1
249 3 0.333333
249 4 -0.132075
249 5 -0.730594
249 6 -1
249 7 1
249 8 0.282443
249 9 -1
249 10 -0.0322581
249 12 -1
249 13 -1
250 1 0.291667
250 2 1
250 3 1
250 4 -0.0377358
250 5 -0.287671
250 6 -1
250 7 1
250 8 0.0839695
250 9 1
250 10 -0.0967742
250 12 0.333333
250 13 1
251 1 0.0416667
251 2 1
251 3 1
251 4 -0.509434
251 5 -0.716895
251 6 -1
251 7 -1
251 8 -0.358779
251 9 -1
251 10 -0.548387
251 12 -0.333333
251 13 1
252 1 -0.375
252 2 1
252 3 -0.333333
252 4 -0.320755
252 5 -0.575342
252 6 -1
252 7 1
252 8 0.78626
252 9 -1
252 10 -1
252 11 -1
252 12 -1
252 13 -1
253 1 -0.375
253 2 1
253 3 1
253 4 -0.660377
253 5 -0.251142
253 6 -1
253 7 1
253 8 0.251908
253 9 -1
253 10 -1
253 11 -1
253 12 -0.333333
253 13 -1
254 1 -0.0833333
254 2 1
254 3 0.333333
254 4 -0.698113
254 5 -0.776256
254 6 -1
254 7 -1
254 8 -0.206107
254 9 -1
254 10 -0.806452
254 11 -1
254 12 -1
254 13 -1
255 1 0.25
255 2 1
255 3 0.333333
255 4 0.0566038
255 5 -0.607306
255 6 1
255 7 -1
255 8 0.312977
255 9 -1
255 10 -0.483871
255 11 -1
255 12 -1
255 13 -1
256 1 0.75
256 2 -1
256 3 -0.333333
256 4 0.245283
256 5 -0.196347
256 6 -1
256 7 -1
256 8 0.389313
256 9 -1
256 10 -0.870968
256 11 -1
256 12 0.333333
256 13 -1
257 1 0.333333
257 2 1
257 3 0.333333
257 4 0.0566038
257 5 -0.465753
257 6 1
257 7 -1
257 8 0.00763359
257 9 1
257 10 -0.677419
257 12 -1
257 13 -1
258 1 0.0833333
258 2 1
258 3 1
258 4 -0.283019
258 5 0.0365297
258 6 -1
258 7 -1
258 8 -0.0687023
258 9 1
258 10 -0.612903
258 12 -0.333333
258 13 1
259 1 0.458333
259 2 1
259 3 0.333333
259 4 -0.132075
259 5 -0.0456621
259 6 -1
259 7 -1
259 8 0.328244
259 9 -1
259 10 -1
259 11 -1
259 12 -1
259 13 -1
260 1 -0.416667
260 2 1
260 3 1
260 4 0.0566038
260 5 -0.447489
260 6 -1
260 7 -1
260 8 0.526718
260 9 -1
260 10 -0.516129
260 11 -1
260 12 -1
260 13 -1
261 1 0.208333
261 2 -1
261 3 0.333333
261 4 -0.509434
261 5 -0.0228311
261 6 -1
261 7 -1
261 8 0.541985
261 9 -1
261 10 -1
261 11 -1
261 12 -1
261 13 -1
262 1 0.291667
262 2 1
262 3 1
262 4 -0.320755
262 5 -0.634703
262 6 -1
262 7 1
262 8 -0.0687023
262 9 1
262 10 -0.225806
262 12 0.333333
262 13 1
263 1 0.208333
263 2 1
263 3 -0.333333
263 4 -0.509434
263 5 -0.278539
263 6 -1
263 7 1
263 8 0.358779
263 9 -1
263 10 -0.419355
263 12 -1
263 13 -1
264 1 -0.166667
264 2 1
264 3 -0.333333
264 4 -0.320755
264 5 -0.360731
264 6 -1
264 7 -1
264 8 0.526718
264 9 -1
264 10 -0.806452
264 11 -1
264 12 -1
264 13 -1
265 1 -0.208333
265 2 1
265 3 -0.333333
265 4 -0.698113
265 5 -0.52968
265 6 -1
265 7 -1
265 8 0.480916
265 9 -1
265 10 -0.677419
265 11 1
265 12 -1
265 13 1
266 1 -0.0416667
266 2 1
266 3 0.333333
266 4 0.471698
266 5 -0.666667
266 6 1
266 7 -1
266 8 0.389313
266 9 -1
266 10 -0.83871
266 11 -1
266 12 -1
266 13 1
267 1 -0.375
267 2 1
267 3 -0.333333
267 4 -0.509434
267 5 -0.374429
267 6 -1
267 7 -1
267 8 0.557252
267 9 -1
267 10 -1
267 11 -1
267 12 -1
267 13 1
268 1 0.125
268 2 -1
268 3 -0.333333
268 4 -0.132075
268 5 -0.232877
268 6 -1
268 7 1
268 8 0.251908
268 9 -1
268 10 -0.580645
268 12 -1
268 13 -1
269 1 0.166667
269 2 1
269 3 1
269 4 -0.132075
269 5 -0.69863
269 6 -1
269 7 -1
269 8 0.175573
269 9 -1
269 10 -0.870968
269 12 -1
269 13 0.5
270 1 0.583333
270 2 1
270 3 1
270 4 0.245283
270 5 -0.269406
270 6 -1
270 7 1
270 8 -0.435115
270 9 1
270 10 -0.516129
270 12 1
270 13 -1
